song,link,album,year,artist
Thanks For The Memories,../lyrics/sleepingatlast/thanksforthememories.html,Capture,2000,SLEEPING AT LAST
Mended Heart,../lyrics/sleepingatlast/mendedheart.html,Capture,2000,SLEEPING AT LAST
April,../lyrics/sleepingatlast/april.html,Capture,2000,SLEEPING AT LAST
Until I Saw The Sea,../lyrics/sleepingatlast/untilisawthesea.html,Capture,2000,SLEEPING AT LAST
Capture,../lyrics/sleepingatlast/capture.html,Capture,2000,SLEEPING AT LAST
Like Autumn,../lyrics/sleepingatlast/likeautumn.html,Capture,2000,SLEEPING AT LAST
A Million Charming Words,../lyrics/sleepingatlast/amillioncharmingwords.html,Capture,2000,SLEEPING AT LAST
Seven Mile December,../lyrics/sleepingatlast/sevenmiledecember.html,Capture,2000,SLEEPING AT LAST
Love Never Fails,../lyrics/sleepingatlast/loveneverfails.html,Capture,2000,SLEEPING AT LAST
,,Capture,2000,SLEEPING AT LAST
Say,../lyrics/sleepingatlast/say.html,Ghosts,2003,SLEEPING AT LAST
Currents,../lyrics/sleepingatlast/currents.html,Ghosts,2003,SLEEPING AT LAST
All That Is Beautiful,../lyrics/sleepingatlast/allthatisbeautiful.html,Ghosts,2003,SLEEPING AT LAST
Ghosts,../lyrics/sleepingatlast/ghosts.html,Ghosts,2003,SLEEPING AT LAST
A Skeleton Of Something More,../lyrics/sleepingatlast/askeletonofsomethingmore.html,Ghosts,2003,SLEEPING AT LAST
Hurry,../lyrics/sleepingatlast/hurry.html,Ghosts,2003,SLEEPING AT LAST
Everyone,../lyrics/sleepingatlast/everyone.html,Ghosts,2003,SLEEPING AT LAST
Brightly,../lyrics/sleepingatlast/brightly.html,Ghosts,2003,SLEEPING AT LAST
"Slowly, Now",../lyrics/sleepingatlast/slowlynow.html,Ghosts,2003,SLEEPING AT LAST
Night Must End,../lyrics/sleepingatlast/nightmustend.html,Ghosts,2003,SLEEPING AT LAST
Trees (Hallway Of Leaves),../lyrics/sleepingatlast/treeshallwayofleaves.html,Ghosts,2003,SLEEPING AT LAST
,,Ghosts,2003,SLEEPING AT LAST
Tension & Thrill,../lyrics/sleepingatlast/tensionthrill.html,Keep No Score,2006,SLEEPING AT LAST
Careful Hands,../lyrics/sleepingatlast/carefulhands.html,Keep No Score,2006,SLEEPING AT LAST
Needle & Thread,../lyrics/sleepingatlast/needlethread.html,Keep No Score,2006,SLEEPING AT LAST
Envelopes,../lyrics/sleepingatlast/envelopes.html,Keep No Score,2006,SLEEPING AT LAST
Hold Still,../lyrics/sleepingatlast/holdstill.html,Keep No Score,2006,SLEEPING AT LAST
Heaven Breaks,../lyrics/sleepingatlast/heavenbreaks.html,Keep No Score,2006,SLEEPING AT LAST
Levels Of Light,../lyrics/sleepingatlast/levelsoflight.html,Keep No Score,2006,SLEEPING AT LAST
Quicksand,../lyrics/sleepingatlast/quicksand.html,Keep No Score,2006,SLEEPING AT LAST
Umbrellas,../lyrics/sleepingatlast/umbrellas.html,Keep No Score,2006,SLEEPING AT LAST
Sing To Me,../lyrics/sleepingatlast/singtome.html,Keep No Score,2006,SLEEPING AT LAST
Dreamlife,../lyrics/sleepingatlast/dreamlife.html,Keep No Score,2006,SLEEPING AT LAST
Keep No Score,../lyrics/sleepingatlast/keepnoscore.html,Keep No Score,2006,SLEEPING AT LAST
,,Keep No Score,2006,SLEEPING AT LAST
Porcelain,../lyrics/sleepingatlast/porcelain.html,Storyboards,2009,SLEEPING AT LAST
Chandeliers,../lyrics/sleepingatlast/chandeliers.html,Storyboards,2009,SLEEPING AT LAST
Naive,../lyrics/sleepingatlast/naive.html,Storyboards,2009,SLEEPING AT LAST
Side By Side,../lyrics/sleepingatlast/sidebyside.html,Storyboards,2009,SLEEPING AT LAST
Slow & Steady,../lyrics/sleepingatlast/slowsteady.html,Storyboards,2009,SLEEPING AT LAST
Clockwork,../lyrics/sleepingatlast/clockwork.html,Storyboards,2009,SLEEPING AT LAST
Unmade,../lyrics/sleepingatlast/unmade.html,Storyboards,2009,SLEEPING AT LAST
Timelapse,../lyrics/sleepingatlast/timelapse.html,Storyboards,2009,SLEEPING AT LAST
Birdcage Religion,../lyrics/sleepingatlast/birdcagereligion.html,Storyboards,2009,SLEEPING AT LAST
Green Screens,../lyrics/sleepingatlast/greenscreens.html,Storyboards,2009,SLEEPING AT LAST
All This To Say,../lyrics/sleepingatlast/allthistosay.html,Storyboards,2009,SLEEPING AT LAST
,,Storyboards,2009,SLEEPING AT LAST
Homesick,../lyrics/sleepingatlast/homesick.html,Yearbook - October,2010,SLEEPING AT LAST
Next To Me,../lyrics/sleepingatlast/nexttome.html,Yearbook - October,2010,SLEEPING AT LAST
Watermark,../lyrics/sleepingatlast/watermark.html,Yearbook - October,2010,SLEEPING AT LAST
,,Yearbook - October,2010,SLEEPING AT LAST
Bright & Early,../lyrics/sleepingatlast/brightearly.html,Yearbook - November,2010,SLEEPING AT LAST
Emphasis,../lyrics/sleepingatlast/emphasis.html,Yearbook - November,2010,SLEEPING AT LAST
101010,../lyrics/sleepingatlast/101010.html,Yearbook - November,2010,SLEEPING AT LAST
,,Yearbook - November,2010,SLEEPING AT LAST
Accidental Light,../lyrics/sleepingatlast/accidentallight.html,Yearbook - December,2010,SLEEPING AT LAST
From The Ground Up,../lyrics/sleepingatlast/fromthegroundup.html,Yearbook - December,2010,SLEEPING AT LAST
Snow,../lyrics/sleepingatlast/snow.html,Yearbook - December,2010,SLEEPING AT LAST
,,Yearbook - December,2010,SLEEPING AT LAST
January White,../lyrics/sleepingatlast/januarywhite.html,Yearbook - January,2011,SLEEPING AT LAST
Wires,../lyrics/sleepingatlast/wires.html,Yearbook - January,2011,SLEEPING AT LAST
,,Yearbook - January,2011,SLEEPING AT LAST
Dear True Love,../lyrics/sleepingatlast/deartruelove.html,Yearbook - February,2011,SLEEPING AT LAST
Land Or Sea,../lyrics/sleepingatlast/landorsea.html,Yearbook - February,2011,SLEEPING AT LAST
Learning Curve,../lyrics/sleepingatlast/learningcurve.html,Yearbook - February,2011,SLEEPING AT LAST
,,Yearbook - February,2011,SLEEPING AT LAST
Outlines,../lyrics/sleepingatlast/outlines.html,Yearbook - March,2011,SLEEPING AT LAST
Birthright,../lyrics/sleepingatlast/birthright.html,Yearbook - March,2011,SLEEPING AT LAST
,,Yearbook - March,2011,SLEEPING AT LAST
Tethered,../lyrics/sleepingatlast/tethered.html,Yearbook - April,2011,SLEEPING AT LAST
Intermission,../lyrics/sleepingatlast/intermission.html,Yearbook - April,2011,SLEEPING AT LAST
In The Meantime,../lyrics/sleepingatlast/inthemeantime.html,Yearbook - April,2011,SLEEPING AT LAST
,,Yearbook - April,2011,SLEEPING AT LAST
Pacific Blues,../lyrics/sleepingatlast/pacificblues.html,Yearbook - May,2011,SLEEPING AT LAST
Silhouettes,../lyrics/sleepingatlast/silhouettes.html,Yearbook - May,2011,SLEEPING AT LAST
,,Yearbook - May,2011,SLEEPING AT LAST
The Sea Of Atlas,../lyrics/sleepingatlast/theseaofatlas.html,Yearbook - June,2011,SLEEPING AT LAST
Hourglass,../lyrics/sleepingatlast/hourglass.html,Yearbook - June,2011,SLEEPING AT LAST
,,Yearbook - June,2011,SLEEPING AT LAST
Wilderness,../lyrics/sleepingatlast/wilderness.html,Yearbook - July,2011,SLEEPING AT LAST
Hit Or Miss,../lyrics/sleepingatlast/hitormiss.html,Yearbook - July,2011,SLEEPING AT LAST
Aperture,../lyrics/sleepingatlast/aperture.html,Yearbook - July,2011,SLEEPING AT LAST
,,Yearbook - July,2011,SLEEPING AT LAST
Page 28,../lyrics/sleepingatlast/page28.html,Yearbook - August,2011,SLEEPING AT LAST
No Argument,../lyrics/sleepingatlast/noargument.html,Yearbook - August,2011,SLEEPING AT LAST
,,Yearbook - August,2011,SLEEPING AT LAST
Noble Aim,../lyrics/sleepingatlast/nobleaim.html,Yearbook - September,2011,SLEEPING AT LAST
Goes On And On,../lyrics/sleepingatlast/goesonandon.html,Yearbook - September,2011,SLEEPING AT LAST
Resolve,../lyrics/sleepingatlast/resolve.html,Yearbook - September,2011,SLEEPING AT LAST
,,Yearbook - September,2011,SLEEPING AT LAST
Overture,../lyrics/sleepingatlast/overture.html,Atlas: Darkness,2013,SLEEPING AT LAST
Woodwork,../lyrics/sleepingatlast/woodwork.html,Atlas: Darkness,2013,SLEEPING AT LAST
I'll Keep You Safe,../lyrics/sleepingatlast/illkeepyousafe.html,Atlas: Darkness,2013,SLEEPING AT LAST
Bad Blood,../lyrics/sleepingatlast/badblood.html,Atlas: Darkness,2013,SLEEPING AT LAST
Uneven Odds,../lyrics/sleepingatlast/unevenodds.html,Atlas: Darkness,2013,SLEEPING AT LAST
,,Atlas: Darkness,2013,SLEEPING AT LAST
Light,../lyrics/sleepingatlast/light.html,Atlas: Light,2013,SLEEPING AT LAST
You Are Enough,../lyrics/sleepingatlast/youareenough.html,Atlas: Light,2013,SLEEPING AT LAST
Heirloom,../lyrics/sleepingatlast/heirloom.html,Atlas: Light,2013,SLEEPING AT LAST
The Projectionist,../lyrics/sleepingatlast/theprojectionist.html,Atlas: Light,2013,SLEEPING AT LAST
In The Embers,../lyrics/sleepingatlast/intheembers.html,Atlas: Light,2013,SLEEPING AT LAST
,,Atlas: Light,2013,SLEEPING AT LAST
Sun,../lyrics/sleepingatlast/sun.html,Atlas: Space 1,2013,SLEEPING AT LAST
Mercury,../lyrics/sleepingatlast/mercury.html,Atlas: Space 1,2013,SLEEPING AT LAST
Venus,../lyrics/sleepingatlast/venus.html,Atlas: Space 1,2013,SLEEPING AT LAST
Earth,../lyrics/sleepingatlast/earth.html,Atlas: Space 1,2013,SLEEPING AT LAST
Mars,../lyrics/sleepingatlast/mars.html,Atlas: Space 1,2013,SLEEPING AT LAST
,,Atlas: Space 1,2013,SLEEPING AT LAST
Jupiter,../lyrics/sleepingatlast/jupiter.html,Atlas: Space 2,2013,SLEEPING AT LAST
Saturn,../lyrics/sleepingatlast/saturn.html,Atlas: Space 2,2013,SLEEPING AT LAST
Neptune,../lyrics/sleepingatlast/neptune.html,Atlas: Space 2,2013,SLEEPING AT LAST
Pluto,../lyrics/sleepingatlast/pluto.html,Atlas: Space 2,2013,SLEEPING AT LAST
,,Atlas: Space 2,2013,SLEEPING AT LAST
North,../lyrics/sleepingatlast/north.html,Atlas: Land,2014,SLEEPING AT LAST
South,../lyrics/sleepingatlast/south.html,Atlas: Land,2014,SLEEPING AT LAST
East,../lyrics/sleepingatlast/east.html,Atlas: Land,2014,SLEEPING AT LAST
West,../lyrics/sleepingatlast/west.html,Atlas: Land,2014,SLEEPING AT LAST
,,Atlas: Land,2014,SLEEPING AT LAST
I'm Gonna Be (500 Miles),../lyrics/sleepingatlast/imgonnabe500miles.html,"Covers, Vol. 1",2014,SLEEPING AT LAST
The Safety Dance,../lyrics/sleepingatlast/thesafetydance.html,"Covers, Vol. 1",2014,SLEEPING AT LAST
Total Eclipse Of The Heart,../lyrics/sleepingatlast/totaleclipseoftheheart.html,"Covers, Vol. 1",2014,SLEEPING AT LAST
All Through The Night,../lyrics/sleepingatlast/allthroughthenight.html,"Covers, Vol. 1",2014,SLEEPING AT LAST
Private Eyes,../lyrics/sleepingatlast/privateeyes.html,"Covers, Vol. 1",2014,SLEEPING AT LAST
Every Little Thing She Does Is Magic,../lyrics/sleepingatlast/everylittlethingshedoesismagic.html,"Covers, Vol. 1",2014,SLEEPING AT LAST
Ruby Blue,../lyrics/sleepingatlast/rubyblue.html,"Covers, Vol. 1",2014,SLEEPING AT LAST
99 Red Balloons,../lyrics/sleepingatlast/99redballoons.html,"Covers, Vol. 1",2014,SLEEPING AT LAST
,,"Covers, Vol. 1",2014,SLEEPING AT LAST
Life,../lyrics/sleepingatlast/life.html,Atlas: Life,2015,SLEEPING AT LAST
Son,../lyrics/sleepingatlast/son.html,Atlas: Life,2015,SLEEPING AT LAST
Daughter,../lyrics/sleepingatlast/daughter.html,Atlas: Life,2015,SLEEPING AT LAST
,,Atlas: Life,2015,SLEEPING AT LAST
Touch,../lyrics/sleepingatlast/touch.html,Atlas: Senses,2016,SLEEPING AT LAST
Taste,../lyrics/sleepingatlast/taste.html,Atlas: Senses,2016,SLEEPING AT LAST
Smell,../lyrics/sleepingatlast/smell.html,Atlas: Senses,2016,SLEEPING AT LAST
Hearing,../lyrics/sleepingatlast/hearing.html,Atlas: Senses,2016,SLEEPING AT LAST
Sight,../lyrics/sleepingatlast/sight.html,Atlas: Senses,2016,SLEEPING AT LAST
,,Atlas: Senses,2016,SLEEPING AT LAST
Joy,../lyrics/sleepingatlast/joy.html,Atlas: Emotions,2016,SLEEPING AT LAST
Sorrow,../lyrics/sleepingatlast/sorrow.html,Atlas: Emotions,2016,SLEEPING AT LAST
Anger,../lyrics/sleepingatlast/anger.html,Atlas: Emotions,2016,SLEEPING AT LAST
,,Atlas: Emotions,2016,SLEEPING AT LAST
Chasing Cars,../lyrics/sleepingatlast/chasingcars.html,"Covers, Vol. 2",2016,SLEEPING AT LAST
As Long As You Love Me,../lyrics/sleepingatlast/aslongasyouloveme.html,"Covers, Vol. 2",2016,SLEEPING AT LAST
Rainbow Connection,../lyrics/sleepingatlast/rainbowconnection.html,"Covers, Vol. 2",2016,SLEEPING AT LAST
Already Gone,../lyrics/sleepingatlast/alreadygone.html,"Covers, Vol. 2",2016,SLEEPING AT LAST
Today Has Been OK,../lyrics/sleepingatlast/todayhasbeenok.html,"Covers, Vol. 2",2016,SLEEPING AT LAST
Body,../lyrics/sleepingatlast/body.html,,,SLEEPING AT LAST
Countdowns,../lyrics/sleepingatlast/countdowns.html,,,SLEEPING AT LAST
Masquerade,../lyrics/sleepingatlast/masquerade.html,,,SLEEPING AT LAST
Turning Page,../lyrics/sleepingatlast/turningpage.html,,,SLEEPING AT LAST
We're Still Here,../lyrics/sleepingatlast/werestillhere.html,,,SLEEPING AT LAST
You Wouldn't Like Me,../lyrics/sleepingatlast/youwouldntlikeme.html,,,SLEEPING AT LAST
