song,link,album,year,artist
Sun In The Sky (Intro),../lyrics/caseyveggies/sunintheskyintro.html,Customized Greatly,2009,"VEGGIES, CASEY"
Bye Summer,../lyrics/caseyveggies/byesummer.html,Customized Greatly,2009,"VEGGIES, CASEY"
They Know Peas And Carrots,../lyrics/caseyveggies/theyknowpeasandcarrots.html,Customized Greatly,2009,"VEGGIES, CASEY"
Close Your Eyes,../lyrics/caseyveggies/closeyoureyes.html,Customized Greatly,2009,"VEGGIES, CASEY"
According To Love,../lyrics/caseyveggies/accordingtolove.html,Customized Greatly,2009,"VEGGIES, CASEY"
Why Dont We Fall In Love,../lyrics/caseyveggies/whydontwefallinlove.html,Customized Greatly,2009,"VEGGIES, CASEY"
The Dope Dealer,../lyrics/caseyveggies/thedopedealer.html,Customized Greatly,2009,"VEGGIES, CASEY"
,,Customized Greatly,2009,"VEGGIES, CASEY"
The Same Difference,../lyrics/caseyveggies/thesamedifference.html,Customized Greatly Vol.2,2009,"VEGGIES, CASEY"
It's All Good,../lyrics/caseyveggies/itsallgood.html,Customized Greatly Vol.2,2009,"VEGGIES, CASEY"
Tunnel Vision,../lyrics/caseyveggies/tunnelvision.html,Customized Greatly Vol.2,2009,"VEGGIES, CASEY"
ADayInTheLifeOfCaseyVeggies,../lyrics/caseyveggies/adayinthelifeofcaseyveggies.html,Customized Greatly Vol.2,2009,"VEGGIES, CASEY"
,,Customized Greatly Vol.2,2009,"VEGGIES, CASEY"
Forever,../lyrics/caseyveggies/forever.html,Sleeping In Class,2010,"VEGGIES, CASEY"
Ridin' Roun Town,../lyrics/caseyveggies/ridinrountown.html,Sleeping In Class,2010,"VEGGIES, CASEY"
Hear Me Screamin,../lyrics/caseyveggies/hearmescreamin.html,Sleeping In Class,2010,"VEGGIES, CASEY"
Get Through,../lyrics/caseyveggies/getthrough.html,Sleeping In Class,2010,"VEGGIES, CASEY"
"30,000",../lyrics/caseyveggies/30000.html,Sleeping In Class,2010,"VEGGIES, CASEY"
Loved Then Alone,../lyrics/caseyveggies/lovedthenalone.html,Sleeping In Class,2010,"VEGGIES, CASEY"
DTA,../lyrics/caseyveggies/dta.html,Sleeping In Class,2010,"VEGGIES, CASEY"
Euphoria ll,../lyrics/caseyveggies/euphoriall.html,Sleeping In Class,2010,"VEGGIES, CASEY"
And Ever,../lyrics/caseyveggies/andever.html,Sleeping In Class,2010,"VEGGIES, CASEY"
Ridin' Roun Town (Remix),../lyrics/caseyveggies/ridinrountownremix.html,Sleeping In Class,2010,"VEGGIES, CASEY"
The Weight Of The World Theory,../lyrics/caseyveggies/theweightoftheworldtheory.html,Sleeping In Class,2010,"VEGGIES, CASEY"
Can I Live,../lyrics/caseyveggies/canilive.html,Sleeping In Class,2010,"VEGGIES, CASEY"
I Be Over Shit,../lyrics/caseyveggies/ibeovershit.html,Sleeping In Class,2010,"VEGGIES, CASEY"
Perfect,../lyrics/caseyveggies/perfect.html,Sleeping In Class,2010,"VEGGIES, CASEY"
,,Sleeping In Class,2010,"VEGGIES, CASEY"
Customized Greatly (intro),../lyrics/caseyveggies/customizedgreatlyintro.html,Customized Greatly Vol.3,2012,"VEGGIES, CASEY"
Garden,../lyrics/caseyveggies/garden.html,Customized Greatly Vol.3,2012,"VEGGIES, CASEY"
Toe Tag,../lyrics/caseyveggies/toetag.html,Customized Greatly Vol.3,2012,"VEGGIES, CASEY"
Roses,../lyrics/caseyveggies/roses.html,Customized Greatly Vol.3,2012,"VEGGIES, CASEY"
Swag Worth A Mill,../lyrics/caseyveggies/swagworthamill.html,Customized Greatly Vol.3,2012,"VEGGIES, CASEY"
Go Crazy,../lyrics/caseyveggies/gocrazy.html,Customized Greatly Vol.3,2012,"VEGGIES, CASEY"
When You See The Kid,../lyrics/caseyveggies/whenyouseethekid.html,Customized Greatly Vol.3,2012,"VEGGIES, CASEY"
Life Rhymes,../lyrics/caseyveggies/liferhymes.html,Customized Greatly Vol.3,2012,"VEGGIES, CASEY"
Nobody,../lyrics/caseyveggies/nobody.html,Customized Greatly Vol.3,2012,"VEGGIES, CASEY"
PNCINTLOFWGKTA,../lyrics/caseyveggies/pncintlofwgkta.html,Customized Greatly Vol.3,2012,"VEGGIES, CASEY"
You Got It / Fantasy,../lyrics/caseyveggies/yougotitfantasy.html,Customized Greatly Vol.3,2012,"VEGGIES, CASEY"
Get That $,../lyrics/caseyveggies/getthat.html,Customized Greatly Vol.3,2012,"VEGGIES, CASEY"
Verified (Everything Official),../lyrics/caseyveggies/verifiedeverythingofficial.html,Customized Greatly Vol.3,2012,"VEGGIES, CASEY"
Thoughts Weigh,../lyrics/caseyveggies/thoughtsweigh.html,Customized Greatly Vol.3,2012,"VEGGIES, CASEY"
Euphoria lll,../lyrics/caseyveggies/euphorialll.html,Customized Greatly Vol.3,2012,"VEGGIES, CASEY"
"Maybe, I Should Go",../lyrics/caseyveggies/maybeishouldgo.html,Customized Greatly Vol.3,2012,"VEGGIES, CASEY"
,,Customized Greatly Vol.3,2012,"VEGGIES, CASEY"
Life Changes,../lyrics/caseyveggies/lifechanges.html,Life Changes,2013,"VEGGIES, CASEY"
My Vision,../lyrics/caseyveggies/myvision.html,Life Changes,2013,"VEGGIES, CASEY"
Young Winners,../lyrics/caseyveggies/youngwinners.html,Life Changes,2013,"VEGGIES, CASEY"
She In My Car,../lyrics/caseyveggies/sheinmycar.html,Life Changes,2013,"VEGGIES, CASEY"
Faces,../lyrics/caseyveggies/faces.html,Life Changes,2013,"VEGGIES, CASEY"
Life$tyle,../lyrics/caseyveggies/lifetyle.html,Life Changes,2013,"VEGGIES, CASEY"
The Team,../lyrics/caseyveggies/theteam.html,Life Changes,2013,"VEGGIES, CASEY"
Whip It,../lyrics/caseyveggies/whipit.html,Life Changes,2013,"VEGGIES, CASEY"
"Love = Hate, Ulterior Motives",../lyrics/caseyveggies/lovehateulteriormotives.html,Life Changes,2013,"VEGGIES, CASEY"
Everything Wavy,../lyrics/caseyveggies/everythingwavy.html,Life Changes,2013,"VEGGIES, CASEY"
I Love Me Some You,../lyrics/caseyveggies/ilovemesomeyou.html,Life Changes,2013,"VEGGIES, CASEY"
These Days,../lyrics/caseyveggies/thesedays.html,Life Changes,2013,"VEGGIES, CASEY"
Take My Life,../lyrics/caseyveggies/takemylife.html,Life Changes,2013,"VEGGIES, CASEY"
,,Life Changes,2013,"VEGGIES, CASEY"
I'm The King,../lyrics/caseyveggies/imtheking.html,Live & Grow,2015,"VEGGIES, CASEY"
Set It Off,../lyrics/caseyveggies/setitoff.html,Live & Grow,2015,"VEGGIES, CASEY"
Actin' Up,../lyrics/caseyveggies/actinup.html,Live & Grow,2015,"VEGGIES, CASEY"
Backflip,../lyrics/caseyveggies/backflip.html,Live & Grow,2015,"VEGGIES, CASEY"
New Face$,../lyrics/caseyveggies/newface.html,Live & Grow,2015,"VEGGIES, CASEY"
Wonderful,../lyrics/caseyveggies/wonderful.html,Live & Grow,2015,"VEGGIES, CASEY"
Tied Up,../lyrics/caseyveggies/tiedup.html,Live & Grow,2015,"VEGGIES, CASEY"
A Little Time,../lyrics/caseyveggies/alittletime.html,Live & Grow,2015,"VEGGIES, CASEY"
Life Song,../lyrics/caseyveggies/lifesong.html,Live & Grow,2015,"VEGGIES, CASEY"
Sincerely Casey,../lyrics/caseyveggies/sincerelycasey.html,Live & Grow,2015,"VEGGIES, CASEY"
Aw Man,../lyrics/caseyveggies/awman.html,Live & Grow,2015,"VEGGIES, CASEY"
R.I.P.,../lyrics/caseyveggies/rip.html,Live & Grow,2015,"VEGGIES, CASEY"
I'm Blessed,../lyrics/caseyveggies/imblessed.html,Live & Grow,2015,"VEGGIES, CASEY"
,,Live & Grow,2015,"VEGGIES, CASEY"
New Jack City,../lyrics/caseyveggies/newjackcity.html,Customized Greatly Vol.4: The Return Of The Boy,2016,"VEGGIES, CASEY"
Street Fame,../lyrics/caseyveggies/streetfame.html,Customized Greatly Vol.4: The Return Of The Boy,2016,"VEGGIES, CASEY"
Can't Get Enough,../lyrics/caseyveggies/cantgetenough.html,Customized Greatly Vol.4: The Return Of The Boy,2016,"VEGGIES, CASEY"
Feelings,../lyrics/caseyveggies/feelings.html,Customized Greatly Vol.4: The Return Of The Boy,2016,"VEGGIES, CASEY"
Choose Up,../lyrics/caseyveggies/chooseup.html,Customized Greatly Vol.4: The Return Of The Boy,2016,"VEGGIES, CASEY"
On The West,../lyrics/caseyveggies/onthewest.html,Customized Greatly Vol.4: The Return Of The Boy,2016,"VEGGIES, CASEY"
One On One,../lyrics/caseyveggies/oneonone.html,Customized Greatly Vol.4: The Return Of The Boy,2016,"VEGGIES, CASEY"
All Night,../lyrics/caseyveggies/allnight.html,Customized Greatly Vol.4: The Return Of The Boy,2016,"VEGGIES, CASEY"
Perfect Timing,../lyrics/caseyveggies/perfecttiming.html,Customized Greatly Vol.4: The Return Of The Boy,2016,"VEGGIES, CASEY"
Fortress,../lyrics/caseyveggies/fortress.html,Customized Greatly Vol.4: The Return Of The Boy,2016,"VEGGIES, CASEY"
100 Rack Shawty,../lyrics/caseyveggies/100rackshawty.html,,,"VEGGIES, CASEY"
3AM In Cape Town (Swag Worth A Mill Pt.3),../lyrics/caseyveggies/3amincapetownswagworthamillpt3.html,,,"VEGGIES, CASEY"
All Eyez On Me,../lyrics/caseyveggies/alleyezonme.html,,,"VEGGIES, CASEY"
Anything Goes,../lyrics/caseyveggies/anythinggoes.html,,,"VEGGIES, CASEY"
Baby Don't Cry,../lyrics/caseyveggies/babydontcry.html,,,"VEGGIES, CASEY"
Backflip (Remix),../lyrics/caseyveggies/backflipremix.html,,,"VEGGIES, CASEY"
Can't Tell Me,../lyrics/caseyveggies/canttellme.html,,,"VEGGIES, CASEY"
Come On,../lyrics/caseyveggies/comeon.html,,,"VEGGIES, CASEY"
Duckin N Dodgin,../lyrics/caseyveggies/duckinndodgin.html,,,"VEGGIES, CASEY"
Faces (Remix),../lyrics/caseyveggies/facesremix.html,,,"VEGGIES, CASEY"
Fuck Witchu,../lyrics/caseyveggies/fuckwitchu.html,,,"VEGGIES, CASEY"
Fuckin' Awesome,../lyrics/caseyveggies/fuckinawesome.html,,,"VEGGIES, CASEY"
Gang Gang,http://www.azlyrics.com/lyrics/wizkhalifa/ganggang.html,,,"VEGGIES, CASEY"
Money Don't Buy Time,../lyrics/caseyveggies/moneydontbuytime.html,,,"VEGGIES, CASEY"
Said She Like Me,../lyrics/caseyveggies/saidshelikeme.html,,,"VEGGIES, CASEY"
Sauna,../lyrics/caseyveggies/sauna.html,,,"VEGGIES, CASEY"
"Summer, I Suppose",../lyrics/caseyveggies/summerisuppose.html,,,"VEGGIES, CASEY"
The Boy,../lyrics/caseyveggies/theboy.html,,,"VEGGIES, CASEY"
The Life Like,../lyrics/caseyveggies/thelifelike.html,,,"VEGGIES, CASEY"
The Panties,../lyrics/caseyveggies/thepanties.html,,,"VEGGIES, CASEY"
Y.N.M,../lyrics/caseyveggies/ynm.html,,,"VEGGIES, CASEY"
Young Niggas,../lyrics/caseyveggies/youngniggas.html,,,"VEGGIES, CASEY"
